input.xpix=1024
input.ypix=768
input.stufenanzahl=100
input.maxBetrag=4.0
input.maxIterations=1000
input.add_iter=-2
input.farbe=1
input.ci=-0.6065038451823017
input.cr=-0.34837308755059104
input.zoomfaktor=0.8
input.chunk_y=4
input.chunk_x=3
input.master_threads=24
input.workersThreads=24
input.xMinimum=-0.34837308837999076
input.yMinimum=-0.6065038458045071
input.yMaximum=-0.6065038445600963
input.controlWidth=600
input.replayDelay=15